10|8901        |浦发苏州分行营业部|浦发营业部                    |1|8901|1     |98901029|8901|090010      |89010134900000016|89010130400000010|0|89010133150000101|应付银关通税款|待划转结算联动款|310305000013
10|8903        |浦发苏州分行新区支行|浦发新区支行                  |2|8901|1     |98903004|8903|090020      |89030134900000010|89010130400000010|0|89030133150000106|应付银关通税款|待划转结算联动款|310305000021
10|8904        |浦发苏州分行园区支行|浦发园区支行                  |2|8901|1     |98904005|8904|090030      |8904013490000001|89010130400000010|0|89040133150000102|应付银关通税款|待划转结算联动款|310305000030
10|8905        |浦发苏州分行沧浪支行|浦发沧浪支行                  |2|8901|1     |98905004|8905|090040      |89050134900000012|89010130400000010|0|89050133150000109|应付银关通税款|待划转结算联动款|310305000048
10|8906        |浦发苏州分行三香支行|浦发三香支行                  |2|8901|1     |98906004|8906|090050      |89060134900000017|89010130400000010|0|89060133150000103|应付银关通税款|待划转结算联动款|310305000056
10|8907        |浦发苏州分行昆山支行|浦发昆山支行                  |2|8907|2     |98907008|8907|094300      |89070134900000015|89070130400050048|0|89070133150000105|应付银关通税款|待划转结算联动款|310305200074
10|8908        |浦发苏州分行吴中支行|浦发吴中支行                  |2|8901|1     |98908004|8908|090060      |89080134900000013|89010130400000010|0|89080133150000100|应付银关通税款|待划转结算联动款|310305000064
10|8909        |浦发苏州分行常熟支行|浦发常熟支行                  |2|8909|2     |98909004|8909|091200      |89090134900000019|89090130400050011|0|89090133150000107|应付银关通税款|待划转结算联动款|310305500083
10|8910        |浦发苏州分行相城支行|浦发相城支行                  |2|8901|1     |98910012|8910|090070      |89100134900000014|89010130400000010|0|89100133150000104|应付银关通税款|待划转结算联动款|310305000097
10|8911        |浦发苏州分行张家港支行|浦发张家港支行                |2|8911|2     |98911005|8911|092100      |89110134900000010|89110130400050042|0|89110133150000106|应付银关通税款|待划转结算联动款|310305600108
10|8912        |浦发苏州分行太仓支行|浦发太仓支行                  |2|8912|2     |98912004|8912|093100      |89120134900000011|89120130400050036|0|89120133150000102|待结算财政款项(银关通税款)|待划转结算联动款|310305100119
10|8913        |浦发常熟东南经济开发区支行|浦发常熟东南开发区支行        |2|8909|2     |98913003|8913|091300      |89130134900000012|89090130400050011|0|89130133150000109|应付银关通税款|待划转结算联动款|310305500122
10|8915        |浦发昆山高新技术产业园区支行|浦发昆山高新区支行            |2|8907|2     |98915002|8915|094400      |89150134900000015|89070130400050048|0|89150133150000105|应付银关通税款|待划转结算联动款|310305200138
10|8916        |浦发苏州分行吴江支行|浦发吴江支行                  |2|8916|2     |98916002|8916|095100      |89150134900000016| | | |应付银关通税款|待划转结算联动款|310305400148
10|9999        |平台机构|平台机构                      |3| |      | | |9999        | |89010130400000010| | |应付银关通税款| |310305000013
