10|12|12|9
1010|0000|交易成功|1
1010|0101|系统关闭|9
1010|0102|非交易时间|9
1010|0103|该业务未开通|9
1010|0104|无该项业务|9
1010|0105|工作日期错|9
1010|0106|场次错|9
1010|0107|数据未准备好|9
1010|0110|清算窗口已关闭|9
1010|0111|清算窗口未关闭|9
1010|0112|时间设置错误|9
1010|0113|系统已开启|9
1010|0117|已经是最新的参数|9
1010|0201|通讯故障|7
1010|0202|通讯发送失败|9
1010|0203|接收应答失败|7
1010|0204|交易超时|7
1010|0205|结算中心忙|7
1010|0207|前置机通讯故障|7
1010|0301|报文格式错|9
1010|0302|报文校验错|9
1010|0303|文件格式错|9
1010|0304|文件校验错|9
1010|0305|业务要素不全|9
1010|0306|交易码错误|9
1010|0307|无效报文数据|9
1010|0308|核银行押错|9
1010|0801|操作员不存在|9
1010|0802|操作员已存在|9
1010|0803|操作员已注销|9
1010|0804|操作员口令错|9
1010|0805|操作员已签到|9
1010|0806|操作员已签退|9
1010|0807|操作员到期|9
1010|0808|操作员无此权限|9
1010|0809|操作员状态错|9
1010|0810|操作员级别错|9
1010|0901|分配内存出错|9
1010|0902|系统调用失败|9
1010|0903|文件打开失败|9
1010|0911|结算中心数据库操作错|9
1010|0912|打开数据库失败|9
1010|0913|指定记录不存在|9
1010|0914|原记录已经被修改|9
1010|0921|XML中无符合条件记录|9
1010|0922|指定记录非叶子节点|9
1010|0923|存在多个XML节点|9
1010|0924|XML节点类型错误|9
1010|0925|增加XML节点失败|9
1010|0926|XML验证失败|9
1010|0927|XML文件格式错误|9
1010|0928|XML报文不合法|9
1010|0941|取清算窗口参数失败|9
1010|0942|没有匹配的检查规则|9
1010|0943|检查规则配置不合法|9
1010|0944|结算中心未找到接收方|9
1010|0981|中心加押错误|9
1010|0982|连接密押设备失败|9
1010|0983|获取密押设备信息失败|9
1010|1001|机构不存在|9
1010|1002|提出机构不存在|9
1010|1003|提入机构不存在|9
1010|1004|付款行不存在|9
1010|1005|收款行不存在|9
1010|1006|机构已存在|9
1010|1007|提出机构已注销|9
1010|1008|提入机构已注销|9
1010|1009|付款机构已注销|9
1010|1010|收款机构已注销|9
1010|1011|机构已签到|9
1010|1012|机构已签退|9
1010|1013|提出机构已签退|9
1010|1014|提入机构已签退|9
1010|1015|付款机构已签退|9
1010|1016|收款机构已签退|9
1010|1017|机构状态错|9
1010|1018|机构无此权限|9
1010|1019|提出机构无此权限|9
1010|1020|提入机构无此权限|9
1010|1021|付款行无此权限|9
1010|1022|收款行无此权限|9
1010|1023|机构级别错误|9
1010|1024|上级机构错误|9
1010|1025|机构所属管辖行不存在|9
1010|1026|机构所属节点号不存在|9
1010|2001|账户不存在|9
1010|2002|付款账户不存在|9
1010|2003|收款账户不存在|9
1010|2004|账户已登记|9
1010|2005|账户无权限|9
1010|2006|付款账户无权限|9
1010|2007|收款账户无权限|9
1010|2012|账户名称不符|9
1010|2013|付款账户名称不符|9
1010|2014|收款账户名称不符|9
1010|2015|账户已注销|9
1010|2016|付款账户已注销|9
1010|2017|收款账户已注销|9
1010|2019|账户已过期|9
1010|2020|付款账户已过期|9
1010|2021|收款账户已过期|9
1010|2025|账户状态错误|9
1010|2026|付款账户状态错误|9
1010|2027|收款账户状态错误|9
1010|2029|账户类型错误|9
1010|2030|付款账户类型错误|9
1010|2031|付款账户类型错误|9
1010|2032|收付款户名不一致|9
1010|3001|清算账户不存在|9
1010|3002|清算账户余额不足|9
1010|3003|交易流水重复|9
1010|3004|提出凭证重复|9
1010|3005|交易已经处理|9
1010|3006|交易状态不确定|9
1010|3007|原交易失败|9
1010|3008|原交易已冲正|9
1010|3009|原交易已撤消|9
1010|3010|原交易不存在|9
1010|3012|单位密码错|9
1010|3016|交易金额超限|9
1010|3017|币种或钞汇类型错|9
1010|3018|批量数据总分不平|9
1010|3019|圈存余额不足|9
1010|3020|要素复核不一致|9
1010|3021|无响应, 请稍候查询|7
1010|3101|票据类型错误|9
1010|3103|票据类型已注销|9
1010|3105|票据未到有效期|9
1010|3501|交易未经复核|9
1010|3502|原交易已存在|9
1010|3503|金额格式错误|9
1010|3504|生成打印文件失败|9
1010|3901|对账文件不存在|9
1010|3902|无本场次交易数据|9
1010|3903|对账出错|9
1010|3904|数据备份文件不存在|9
1010|3905|轧差对账尚未完成|9
1010|3906|日终数据归档失败|9
1010|3907|不符合年终数据库切换条件|9
1010|3908|导入日期小于等于已归档日期|9
1010|3909|对账回执文件不存在|9
1010|8033|提入机构不存在|9
1010|8036|票据类型错误|9
1010|8038|票据已使用|9
1010|8043|交易流水重复|9
1010|8048|交易结果不确定|7
1010|8051|数据要素不全|9
1010|8052|票据号无效|9
1010|8053|票据已过期|9
1010|8054|票据已挂失止付|9
1010|8055|账户已冻结|9
1010|8056|支付密码错误|9
1010|8057|账户余额不足|9
1010|8058|提入行账户不存在|9
1010|8059|原交易不存在|9
1010|8060|原交易失败|9
1010|8061|单位密码错误|9
1010|8062|核中心密押错误|9
1010|8063|票据未到有效期|9
1010|8065|协议号不符|9
1010|8073|交易金额超限|9
1010|8103|提入机构系统已关闭|9
1010|8117|币种或钞汇类型错误|9
1010|8154|账户无权限|9
1010|8155|账号户名不符|9
1010|8156|个人账户密码错误|9
1010|8157|磁条核验错误|9
1010|8202|通讯故障(发送失败)|9
1010|8203|接收提入行应答失败|9
1010|8204|提入行交易超时|9
1010|8205|对方系统忙|9
1010|8301|前置机数据库操作错|9
1010|8401|数据报文格式错|9
1010|8999|接收机构内部错误|9
1010|9999|结算中心其他错误|9
9999|0|交易成功|1
9999|102|记账失败|9
9999|103|冲正成功|9
9999|104|冲正失败|9
9999|105|取消成功9|
9999|106|取消失败|9
9999|107|记账成功冲正失败|9
9999|108|记账成功冲正成功|9
9999|109|记账成功取消失败|9
9999|110|记账成功取消成功|9
9999|111|需要授权|9
9999|113|授权失败|9
9999|114|交易失败|9
9999|191|交易成功记账成功|1
9999|192|授权成功|1
9999|201|数据库操作错|9
9999|202|数据库URL配置错|9
9999|203|数据库打开错|9
9999|204|数据库select错|9
9999|205|数据库Insert错|9
9999|206|数据库update错|9
9999|207|数据库delete错|9
9999|208|没有记录|9
9999|209|数据库操作不支持|9
9999|301|通讯故障|7
9999|302|通讯配置错|9
9999|303|与前置通信失败|7
9999|304|与银行通信失败|7
9999|305|系统调用错|9
9999|306|动态库中未找到相应的函数|9
9999|307|加押错|9
9999|308|核押错|9
9999|401|报文初始化错|9
9999|402|报文取值错|9
9999|403|报文转换错|9
9999|404|报文类型错|9
9999|405|报文配置错|9
9999|501|交易已失败存在|9
9999|502|交易状态未知存在|7
9999|591|交易已成功存在|1
9999|601|柜员不存在|9
9999|602|柜员密码错|9
9999|603|柜员已登录|9
9999|604|柜员已注销|9
9999|606|协议不存在|9
9999|607|协议已注销|9
9999|999|其它错误|9
