9999|102|1010|8999
9999|103|1010|8999
9999|104|1010|8999
9999|105|1010|8999
9999|106|1010|8999
9999|107|1010|8999
9999|108|1010|8999
9999|109|1010|8999
9999|110|1010|8999
9999|111|1010|8999
9999|112|1010|8999
9999|113|1010|8999
9999|191|1010|0000
9999|192|1010|0000
9999|201|1010|8999
9999|202|1010|8999
9999|203|1010|8999
9999|204|1010|8999
9999|205|1010|8999
9999|206|1010|8999
9999|207|1010|8999
9999|208|1010|913
9999|209|1010|8999
9999|301|1010|8999
9999|302|1010|8999
9999|303|1010|8999
9999|304|1010|8999
9999|305|1010|8999
9999|306|1010|8999
9999|307|1010|8999
9999|308|1010|8062
9999|401|1010|8999
9999|402|1010|8999
9999|403|1010|8999
9999|404|1010|8999
9999|405|1010|8999
9999|501|1010|8999
9999|502|1010|8999
9999|591|1010|0000
9999|601|1010|8999
9999|602|1010|8999
9999|603|1010|8999
9999|604|1010|8999
9999|999|1010|8999
