13|1001|1110|8999
13|1002|1110|8999
13|1003|1110|8057
13|1004|1110|8999
13|1005|1110|8999
13|1006|1110|8999
13|1007|1110|8999
13|1008|1110|8999
13|1009|1110|8055
13|1010|1110|8999
13|1011|1110|8999
13|1012|1110|8999
13|1013|1110|8999
13|1014|1110|8052
13|1015|1110|8056
13|1016|1110|8052
13|1017|1110|8053
13|1018|1110|8054
13|1019|1110|8999
13|1020|1110|8999
13|1021|1110|8999
13|1022|1110|8999
13|1023|1110|8999
13|1024|1110|8999
13|1025|1110|8999
13|1026|1110|8999
13|1363|1110|8999
13|1364|1110|8999
13|1365|1110|8999
13|1366|1110|8999
13|1367|1110|8999
13|1368|1110|8999
13|1371|1110|8999
13|1372|1110|8999
13|1373|1110|8999
13|1374|1110|8999
13|1375|1110|8999
13|1376|1110|8999
13|1377|1110|8999
13|1378|1110|8999
13|1379|1110|8999
13|1380|1110|8999
13|1381|1110|8999
13|1390|1110|2012
13|1400|1110|8999
13|1401|1110|8999
13|1402|1110|8999
13|1403|1110|8999
13|1410|1110|8999
13|1411|1110|8999
13|1420|1110|8999
13|1421|1110|8999
13|1422|1110|8999
13|1423|1110|8999
13|1430|1110|8999
13|1440|1110|8999
13|1441|1110|8999
13|1442|1110|8999
13|1443|1110|8999
13|1470|1110|8999
13|1481|1110|8999
13|1501|1110|8999
13|1502|1110|8999
13|1503|1110|8999
13|1520|1110|8999
13|1521|1110|8999
13|1522|1110|8999
13|1523|1110|8999
13|1524|1110|8999
13|1530|1110|8999
13|1531|1110|8999
13|1532|1110|8999
13|1533|1110|8999
13|1540|1110|8999
13|1541|1110|8999
13|1542|1110|8999
13|1544|1110|8999
13|1590|1110|8999
13|1591|1110|8999
13|1592|1110|8999
13|1597|1110|8999
13|1598|1110|8999
13|1599|1110|8999
13|1600|1110|8999
13|1601|1110|8999
13|1602|1110|8999
13|1603|1110|8999
13|1604|1110|8999
13|1605|1110|8999
13|1606|1110|8999
13|1607|1110|8999
13|1608|1110|8999
13|1609|1110|8999
13|1610|1110|2025
13|1611|1110|8999
13|1612|1110|8999
13|1613|1110|8999
13|1614|1110|8999
13|1615|1110|8057
13|1620|1110|8999
13|1621|1110|8999
13|1622|1110|2025
13|1623|1110|8999
13|1624|1110|8999
13|1625|1110|8999
13|1626|1110|8999
13|1627|1110|8999
13|1629|1110|8999
13|1630|1110|8999
13|1631|1110|8999
13|1632|1110|8999
13|1633|1110|8999
13|1634|1110|2025
13|1635|1110|8999
13|1636|1110|8999
13|1637|1110|8999
13|1638|1110|8999
13|1639|1110|8999
13|1641|1110|8999
13|1642|1110|8999
13|1643|1110|8999
13|1644|1110|8999
13|1645|1110|2025
13|1646|1110|8057
13|1647|1110|8999
13|1648|1110|8999
13|1649|1110|8999
13|1650|1110|8999
13|1651|1110|2025
13|1652|1110|8999
13|1653|1110|8999
13|1654|1110|8999
13|1655|1110|8999
13|1656|1110|8999
13|1657|1110|8999
13|1658|1110|2025
13|1659|1110|8999
13|1660|1110|8999
13|1661|1110|8999
13|1662|1110|8999
13|1663|1110|8999
13|1664|1110|8999
13|1665|1110|8999
13|1666|1110|8999
13|1667|1110|8999
13|1668|1110|8999
13|1669|1110|8999
13|1670|1110|8999
13|1671|1110|8999
13|1672|1110|8999
13|1673|1110|8999
13|1674|1110|8999
13|1675|1110|8999
13|1676|1110|8999
13|1677|1110|8999
13|1678|1110|8999
13|1679|1110|8999
13|1680|1110|8999
13|1681|1110|8999
13|1682|1110|8999
13|1683|1110|8999
13|1684|1110|8999
13|1685|1110|8999
13|1686|1110|8999
13|1687|1110|8999
13|1688|1110|8999
13|1689|1110|8999
13|1690|1110|8999
13|1691|1110|8999
13|1693|1110|8999
13|1694|1110|8999
13|1695|1110|8999
13|1696|1110|8999
13|1697|1110|8999
13|1698|1110|8999
13|1699|1110|8999
13|1700|1110|8999
13|1701|1110|8999
13|1702|1110|8999
13|1703|1110|8999
13|1704|1110|8999
13|1705|1110|8999
13|1706|1110|8999
13|1707|1110|8999
13|1708|1110|8999
13|1710|1110|8999
13|1711|1110|8999
13|1712|1110|8999
13|1713|1110|8999
13|1714|1110|8999
13|1715|1110|8999
13|1716|1110|8999
13|1717|1110|8999
13|1718|1110|8999
13|1719|1110|8999
13|1720|1110|8999
13|1721|1110|8999
13|1722|1110|8999
13|1723|1110|8999
13|1724|1110|8999
13|1725|1110|8999
13|1726|1110|8999
13|1727|1110|8999
13|1728|1110|8999
13|1730|1110|8999
13|1731|1110|8999
13|1732|1110|8999
13|1733|1110|8999
13|1734|1110|8999
13|1735|1110|8999
13|1736|1110|8999
13|1737|1110|8999
13|1738|1110|8999
13|1739|1110|8999
13|1740|1110|8999
13|1741|1110|8999
13|1742|1110|8999
13|1750|1110|8999
13|1751|1110|8999
13|1752|1110|8999
13|1753|1110|8999
13|1754|1110|8999
13|1755|1110|8999
13|1756|1110|8999
13|1757|1110|8999
13|1758|1110|8999
13|1759|1110|8999
13|1760|1110|8999
13|1761|1110|8999
13|1762|1110|8999
13|1763|1110|8999
13|1764|1110|8999
13|1765|1110|8999
13|1766|1110|8999
13|1767|1110|8999
13|1770|1110|8999
13|1771|1110|8999
13|1772|1110|8999
13|1773|1110|8999
13|1774|1110|8056
13|1775|1110|8999
13|1800|1110|8052
13|1801|1110|8999
13|1802|1110|8038
13|1803|1110|8052
13|1804|1110|8054
13|1805|1110|8054
13|1806|1110|8999
13|1807|1110|8999
13|1808|1110|8052
13|1809|1110|3004
13|1810|1110|8038
13|1811|1110|8999
13|1813|1110|8999
13|1814|1110|8056
13|1815|1110|8054
13|1816|1110|8054
13|1817|1110|8036
13|1818|1110|8999
13|1819|1110|8999
13|1820|1110|8999
13|1821|1110|8056
13|1822|1110|8999
13|1823|1110|8999
13|1824|1110|8999
13|1825|1110|8999
13|1826|1110|8999
13|1827|1110|8999
13|1828|1110|8999
13|1829|1110|8999
13|2000|1110|8999
13|2001|1110|8999
13|2002|1110|8999
13|2003|1110|8036
13|2004|1110|8999
13|2005|1110|8999
13|2006|1110|8999
13|2007|1110|8999
13|2008|1110|2025
13|2009|1110|2025
13|2010|1110|2025
13|2011|1110|2025
13|2012|1110|8999
13|2013|1110|8036
13|2014|1110|8999
13|2015|1110|8999
13|2016|1110|8999
13|2017|1110|8999
13|2020|1110|8999
13|2021|1110|8999
13|2024|1110|8999
13|2025|1110|8999
13|2026|1110|8999
13|2027|1110|8999
13|2028|1110|8999
13|2029|1110|8999
13|2030|1110|8999
13|2031|1110|8999
13|2032|1110|8999
13|2033|1110|8999
13|2034|1110|8999
13|2035|1110|8999
13|2036|1110|8999
13|2037|1110|8999
13|2038|1110|8999
13|2039|1110|8999
13|2040|1110|8999
13|2041|1110|8999
13|2042|1110|8999
13|2045|1110|8999
13|2046|1110|8999
13|2047|1110|8999
13|2050|1110|8999
13|2051|1110|8999
13|2055|1110|8999
13|2056|1110|8999
13|2060|1110|8999
13|2061|1110|8999
13|2062|1110|8999
13|2063|1110|8999
13|2064|1110|8999
13|2068|1110|8055
13|2069|1110|8055
13|2070|1110|8999
13|2071|1110|8999
13|2072|1110|8999
13|2073|1110|8999
13|2074|1110|8999
13|2075|1110|8999
13|2076|1110|8999
13|2077|1110|8055
13|2078|1110|2025
13|2079|1110|8999
13|2080|1110|8999
13|2081|1110|8999
13|2082|1110|8999
13|2083|1110|8999
13|2084|1110|8999
13|2085|1110|8999
13|2086|1110|8999
13|2087|1110|8999
13|2088|1110|8999
13|2089|1110|8999
13|2095|1110|8999
13|2096|1110|8999
13|2100|1110|8999
13|2106|1110|8999
13|2107|1110|8999
13|2108|1110|8999
13|2109|1110|8999
13|2110|1110|8999
13|2111|1110|8999
13|2112|1110|8999
13|2113|1110|8999
13|2114|1110|8999
13|2115|1110|8999
13|2116|1110|8999
13|2117|1110|8999
13|2118|1110|8999
13|2119|1110|8999
13|2120|1110|8999
13|2121|1110|8999
13|2131|1110|8999
13|2132|1110|8999
13|2133|1110|8999
13|2134|1110|8999
13|2135|1110|8999
13|2136|1110|8999
13|2137|1110|8999
13|2138|1110|8999
13|2139|1110|8999
13|2140|1110|8999
13|2141|1110|8999
13|2142|1110|8999
13|2143|1110|8999
13|2144|1110|8999
13|2145|1110|8999
13|2146|1110|8999
13|2168|1110|8999
13|2169|1110|8999
13|2170|1110|8999
13|2171|1110|8999
13|2172|1110|8999
13|2181|1110|8999
13|2182|1110|8999
13|2200|1110|8999
13|2201|1110|8999
13|2202|1110|8999
13|2203|1110|8999
13|2204|1110|8055
13|2205|1110|8999
13|2206|1110|8999
13|2207|1110|8999
13|2208|1110|8999
13|2209|1110|8999
13|2210|1110|8999
13|2211|1110|8055
13|2212|1110|8999
13|2213|1110|8999
13|2214|1110|8999
13|2215|1110|8999
13|2216|1110|8999
13|2217|1110|8999
13|2218|1110|8999
13|2219|1110|8999
13|2220|1110|8999
13|2221|1110|8999
13|2222|1110|8999
13|2223|1110|8999
13|2224|1110|8999
13|2225|1110|8999
13|2226|1110|8999
13|2227|1110|8999
13|2228|1110|8999
13|2229|1110|8999
13|2230|1110|8999
13|2231|1110|8999
13|2232|1110|8999
13|2233|1110|8999
13|2234|1110|8999
13|2235|1110|8999
13|2236|1110|8999
13|2237|1110|8999
13|2238|1110|8999
13|2239|1110|8999
13|2401|1110|8999
13|2402|1110|8999
13|2403|1110|8999
13|2404|1110|8999
13|2405|1110|8999
13|2406|1110|8999
13|2407|1110|8999
13|2408|1110|8999
13|2409|1110|8999
13|2410|1110|8999
13|2411|1110|8052
13|2412|1110|8999
13|2413|1110|8999
13|2414|1110|8999
13|2415|1110|8999
13|2416|1110|8999
13|2417|1110|8999
13|2418|1110|8999
13|2420|1110|8999
13|2421|1110|8999
13|2422|1110|8999
13|2423|1110|8999
13|2424|1110|8999
13|2425|1110|8999
13|2427|1110|8999
13|2428|1110|8999
13|2429|1110|8999
13|2430|1110|8999
13|2431|1110|8999
13|2432|1110|8999
13|2433|1110|8999
13|2434|1110|8999
13|2435|1110|8999
13|2436|1110|8999
13|2437|1110|8999
13|2438|1110|8999
13|2439|1110|8999
13|2440|1110|8999
13|2441|1110|8999
13|2442|1110|8999
13|2443|1110|8999
13|2444|1110|8999
13|2445|1110|8999
13|2446|1110|8999
13|2447|1110|8999
13|2448|1110|8999
13|2449|1110|8999
13|2450|1110|8999
13|2451|1110|8999
13|2452|1110|8999
13|2453|1110|8999
13|2454|1110|8999
13|2455|1110|8999
13|2456|1110|8999
13|2457|1110|8999
13|2458|1110|8999
13|2459|1110|8999
13|2460|1110|8999
13|2461|1110|8999
13|2462|1110|8999
13|2463|1110|8999
13|2464|1110|8999
13|2465|1110|8999
13|2466|1110|8999
13|2467|1110|8999
13|2468|1110|8999
13|2469|1110|8999
13|2470|1110|8999
13|2471|1110|8999
13|2472|1110|8999
13|2473|1110|8999
13|2474|1110|8999
13|2475|1110|8999
13|2480|1110|8999
13|2481|1110|8999
13|2482|1110|8999
13|2483|1110|8999
13|2484|1110|8999
13|2485|1110|8999
13|2486|1110|8999
13|2487|1110|8999
13|2488|1110|8999
13|2489|1110|8999
13|2490|1110|8999
13|2491|1110|8999
13|2492|1110|8999
13|2493|1110|8999
13|2494|1110|8999
13|2495|1110|8999
13|2496|1110|8999
13|2497|1110|8999
13|2498|1110|8999
13|2499|1110|8999
13|2500|1110|8999
13|2501|1110|8999
13|2502|1110|8999
13|2503|1110|8999
13|2504|1110|8999
13|2505|1110|8999
13|2506|1110|8999
13|2507|1110|8999
13|2508|1110|8999
13|2509|1110|8999
13|2510|1110|8999
13|2511|1110|8999
13|2512|1110|8999
13|2513|1110|8999
13|2601|1110|8999
13|2602|1110|8999
13|2603|1110|8999
13|2604|1110|8999
13|2605|1110|8999
13|2606|1110|8999
13|2607|1110|8999
13|2608|1110|8999
13|2609|1110|8999
13|2610|1110|8999
13|2611|1110|8999
13|2612|1110|8999
13|2613|1110|8999
13|2614|1110|8999
13|2615|1110|8999
13|2616|1110|8999
13|2617|1110|8999
13|2618|1110|8999
13|2619|1110|8999
13|2620|1110|8999
13|2621|1110|8999
13|2622|1110|8999
13|2623|1110|8999
13|2624|1110|8999
13|2625|1110|8999
13|2626|1110|8999
13|2627|1110|8999
13|2628|1110|8999
13|2629|1110|8999
13|2630|1110|8999
13|2631|1110|8999
13|2632|1110|8999
13|2633|1110|8999
13|2634|1110|8999
13|2635|1110|8999
13|2636|1110|8999
13|2637|1110|8999
13|2638|1110|8999
13|2639|1110|8999
13|2640|1110|8999
13|2641|1110|8999
13|2642|1110|8999
13|2643|1110|8999
13|2644|1110|8999
13|2645|1110|8999
13|2646|1110|8999
13|2647|1110|8999
13|2648|1110|8999
13|2649|1110|8999
13|2650|1110|8999
13|2651|1110|8999
13|2652|1110|8999
13|2653|1110|8999
13|2661|1110|8999
13|2662|1110|8999
13|2663|1110|8999
13|2671|1110|8999
13|2672|1110|8999
13|2673|1110|8999
13|2681|1110|8999
13|2682|1110|8999
13|2683|1110|8999
13|2684|1110|8999
13|2685|1110|8999
13|2691|1110|8999
13|2701|1110|8999
13|2702|1110|8999
13|2703|1110|8999
13|2704|1110|8999
13|2711|1110|8999
13|2712|1110|8999
13|2713|1110|8999
13|2714|1110|8999
13|2715|1110|8999
13|2722|1110|8999
13|2730|1110|8999
13|2731|1110|8999
13|2732|1110|8999
13|2733|1110|8999
13|2734|1110|8999
13|2735|1110|8999
13|2736|1110|8999
13|2737|1110|8999
13|2738|1110|8999
13|2739|1110|8999
13|2741|1110|8999
13|2742|1110|8999
13|2743|1110|8999
13|2744|1110|8999
13|2745|1110|8999
13|2746|1110|8999
13|2747|1110|8999
13|2748|1110|8999
13|2749|1110|8999
13|2750|1110|8999
13|2751|1110|8999
13|2752|1110|8999
13|2753|1110|8999
13|2754|1110|8999
13|2755|1110|8999
13|2756|1110|8999
13|2757|1110|8999
13|2758|1110|8999
13|2759|1110|8999
13|2760|1110|8999
13|2761|1110|8999
13|2762|1110|8999
13|2763|1110|8999
13|2764|1110|8999
13|2765|1110|8999
13|2766|1110|8999
13|2767|1110|8999
13|2768|1110|8999
13|2769|1110|8999
13|2770|1110|8999
13|2771|1110|8999
13|2772|1110|8999
13|2773|1110|8999
13|2774|1110|8999
13|2775|1110|8999
13|2776|1110|8999
13|2777|1110|8999
13|2778|1110|8999
13|2779|1110|8999
13|2780|1110|8999
13|2781|1110|8999
13|2782|1110|8999
13|2783|1110|8999
13|2784|1110|8999
13|2785|1110|8999
13|2786|1110|8999
13|2787|1110|8999
13|2788|1110|8999
13|2789|1110|8999
13|2801|1110|8999
13|2802|1110|8999
13|2803|1110|8999
13|2804|1110|8999
13|2805|1110|8999
13|2806|1110|8999
13|2807|1110|8999
13|2808|1110|8999
13|2809|1110|8999
13|2810|1110|8999
13|2811|1110|8999
13|2812|1110|8999
13|2813|1110|8999
13|2814|1110|8999
13|2815|1110|8999
13|2816|1110|8999
13|2817|1110|8999
13|2818|1110|8999
13|2819|1110|8999
13|2820|1110|8999
13|2821|1110|8999
13|2822|1110|8999
13|2823|1110|8999
13|2824|1110|8999
13|2825|1110|8999
13|2826|1110|8999
13|2827|1110|8999
13|2828|1110|8999
13|2830|1110|8999
13|2831|1110|8999
13|3000|1110|8999
13|3001|1110|8999
13|3002|1110|8999
13|3003|1110|8999
13|3004|1110|8999
13|3005|1110|8999
13|3006|1110|8999
13|3007|1110|8999
13|3008|1110|8999
13|3009|1110|8999
13|3010|1110|8999
13|3011|1110|8999
13|3012|1110|8999
13|3013|1110|8999
13|3014|1110|8999
13|3015|1110|8999
13|3016|1110|8999
13|3017|1110|8999
13|3018|1110|8999
13|3019|1110|8999
13|3020|1110|8999
13|3021|1110|8999
13|3022|1110|8999
13|3023|1110|8999
13|3024|1110|8999
13|3025|1110|8999
13|3026|1110|8999
13|3027|1110|8999
13|3028|1110|8999
13|3029|1110|8999
13|3030|1110|8999
13|3031|1110|8999
13|3032|1110|8999
13|3033|1110|8999
13|3034|1110|8999
13|3035|1110|8999
13|3036|1110|8999
13|3037|1110|8999
13|3038|1110|8999
13|3039|1110|8999
13|3040|1110|8999
13|3041|1110|8999
13|3042|1110|8999
13|3043|1110|8999
13|3044|1110|8999
13|3050|1110|8999
13|3051|1110|8999
13|3052|1110|8999
13|3198|1110|8999
13|3199|1110|8999
13|3200|1110|8999
13|3201|1110|8999
13|3202|1110|8999
13|3203|1110|8999
13|3204|1110|8999
13|3205|1110|8999
13|3206|1110|8999
13|3211|1110|8999
13|3212|1110|8999
13|3213|1110|8999
13|3214|1110|8999
13|3215|1110|8999
13|3252|1110|8999
13|3253|1110|8999
13|3254|1110|8999
13|3255|1110|8999
13|3256|1110|8999
13|3257|1110|8999
13|3258|1110|8999
13|3259|1110|8999
13|3260|1110|8999
13|3261|1110|8999
13|3262|1110|8999
13|3263|1110|8999
13|3264|1110|8999
13|3265|1110|8999
13|3266|1110|8999
13|3267|1110|8999
13|3268|1110|8999
13|3269|1110|8999
13|3270|1110|8999
13|3271|1110|8999
13|3272|1110|8999
13|3273|1110|8999
13|3274|1110|8999
13|3275|1110|8999
13|3276|1110|8999
13|3277|1110|8999
13|3278|1110|8999
13|3279|1110|8999
13|3280|1110|8999
13|3281|1110|8999
13|3282|1110|8999
13|3283|1110|8999
13|3284|1110|8999
13|3300|1110|8999
13|3301|1110|8999
13|3302|1110|8999
13|3303|1110|8999
13|3304|1110|8999
13|3310|1110|8999
13|3311|1110|8999
13|3312|1110|8999
13|3313|1110|8999
13|3314|1110|8999
13|3321|1110|8999
13|3341|1110|8999
13|3342|1110|8999
13|3343|1110|8999
13|3350|1110|8999
13|3360|1110|8999
13|3361|1110|8999
13|3371|1110|8999
13|3390|1110|8999
13|3391|1110|8999
13|3392|1110|8999
13|3393|1110|8999
13|3394|1110|8999
13|3395|1110|8999
13|3396|1110|8999
13|3397|1110|8999
13|3398|1110|8999
13|3399|1110|8999
13|3400|1110|8999
13|3401|1110|8999
13|3402|1110|8999
13|3403|1110|8999
13|3404|1110|8999
13|3405|1110|8999
13|3406|1110|8999
13|3407|1110|8999
13|3408|1110|8999
13|3409|1110|8999
13|3410|1110|8999
13|3411|1110|8999
13|3412|1110|8999
13|3413|1110|8999
13|3414|1110|8999
13|3415|1110|8999
13|3416|1110|8999
13|3417|1110|8999
13|3418|1110|8999
13|3419|1110|8999
13|3420|1110|8999
13|3421|1110|8999
13|3422|1110|8999
13|3423|1110|8999
13|3424|1110|8999
13|3425|1110|8999
13|3426|1110|8999
13|3427|1110|8999
13|3428|1110|8999
13|3429|1110|8999
13|3430|1110|8999
13|3431|1110|8999
13|3432|1110|8999
13|3433|1110|8999
13|3434|1110|8999
13|3435|1110|8999
13|3436|1110|8999
13|3437|1110|8999
13|3438|1110|8999
13|3600|1110|8999
13|3601|1110|8999
13|3602|1110|8999
13|3603|1110|8999
13|3604|1110|8999
13|3605|1110|8999
13|3606|1110|8999
13|3607|1110|8999
13|3608|1110|8999
13|3609|1110|8999
13|3610|1110|8999
13|3611|1110|8999
13|3612|1110|8999
13|3613|1110|8999
13|3614|1110|8999
13|3615|1110|8999
13|3616|1110|8999
13|3617|1110|8999
13|3618|1110|8999
13|3619|1110|8999
13|3620|1110|8999
13|3621|1110|8999
13|3622|1110|8999
13|3623|1110|8999
13|3624|1110|8999
13|3625|1110|8999
13|3626|1110|8999
13|3627|1110|8999
13|3628|1110|8999
13|3629|1110|8999
13|3630|1110|8999
13|3631|1110|8999
13|3632|1110|8999
13|3633|1110|8999
13|3634|1110|8999
13|3635|1110|8999
13|3636|1110|8999
13|3637|1110|8999
13|3638|1110|8999
13|3639|1110|8999
13|3640|1110|8999
13|3641|1110|8999
13|3642|1110|8999
13|3643|1110|8999
13|3644|1110|8999
13|3645|1110|8999
13|3646|1110|8999
13|3647|1110|8999
13|3648|1110|8999
13|3649|1110|8999
13|3650|1110|8999
13|3651|1110|8999
13|3652|1110|8999
13|3653|1110|8999
13|3654|1110|8999
13|3655|1110|8999
13|3656|1110|8999
13|3657|1110|8999
13|3658|1110|8999
13|3659|1110|8999
13|3660|1110|8999
13|3661|1110|8999
13|3662|1110|8999
13|3663|1110|2014
13|3664|1110|2013
13|3665|1110|8999
13|3666|1110|8999
13|3667|1110|8999
13|3668|1110|8999
13|3669|1110|8999
13|3670|1110|8999
13|3671|1110|8999
13|3672|1110|8999
13|3673|1110|8999
13|3674|1110|8999
13|3675|1110|8999
13|3676|1110|8999
13|3677|1110|8999
13|3678|1110|8999
13|3679|1110|8999
13|3680|1110|8999
13|3681|1110|8999
13|3682|1110|8999
13|3683|1110|8999
13|3684|1110|8999
13|3685|1110|8999
13|3686|1110|8999
13|3687|1110|8999
13|3688|1110|8999
13|3689|1110|8999
13|3690|1110|8999
13|3691|1110|8999
13|3692|1110|8999
13|3693|1110|8999
13|3694|1110|8999
13|3695|1110|8999
13|3696|1110|8999
13|3697|1110|8999
13|3698|1110|8999
13|3699|1110|8999
13|3700|1110|8999
13|3701|1110|8999
13|3702|1110|8999
13|3703|1110|8999
13|3704|1110|8999
13|3705|1110|8999
13|3706|1110|8999
13|3707|1110|8999
13|3708|1110|8999
13|3709|1110|8999
13|3710|1110|8999
13|3752|1110|8999
13|3800|1110|8999
13|3801|1110|8999
13|3802|1110|8999
13|3803|1110|8999
13|3804|1110|8999
13|3805|1110|8999
13|3806|1110|8999
13|3807|1110|8999
13|3808|1110|8999
13|3809|1110|8999
13|3810|1110|8999
13|3811|1110|8999
13|3812|1110|8999
13|3813|1110|8999
13|3814|1110|8999
13|3815|1110|8999
13|3816|1110|8999
13|3817|1110|8999
13|3818|1110|8999
13|3819|1110|8999
13|3820|1110|8999
13|3821|1110|8999
13|3822|1110|8999
13|3823|1110|8999
13|3824|1110|8999
13|3825|1110|8999
13|3826|1110|8999
13|3827|1110|8999
13|3828|1110|8999
13|3829|1110|8999
13|3830|1110|8999
13|3831|1110|8999
13|3832|1110|8999
13|3833|1110|8999
13|3834|1110|8999
13|3835|1110|8999
13|3836|1110|8999
13|3837|1110|8999
13|3838|1110|8999
13|3839|1110|8999
13|3840|1110|8999
13|3841|1110|8999
13|3842|1110|8999
13|3843|1110|8999
13|3844|1110|8999
13|3845|1110|8999
13|3847|1110|8999
13|3848|1110|8999
13|3849|1110|8999
13|3850|1110|8999
13|3851|1110|8999
13|3852|1110|8999
13|3853|1110|8999
13|3854|1110|8999
13|3855|1110|8999
13|3856|1110|8999
13|3857|1110|8999
13|3858|1110|8999
13|3859|1110|8999
13|3860|1110|8999
13|3861|1110|8999
13|3862|1110|8999
13|3863|1110|8999
13|3864|1110|8999
13|3865|1110|8999
13|3866|1110|8999
13|3867|1110|8999
13|3868|1110|8999
13|3869|1110|8999
13|3870|1110|8999
13|3871|1110|8999
13|3872|1110|8999
13|3873|1110|8999
13|3874|1110|8999
13|3875|1110|8999
13|3876|1110|8999
13|3877|1110|8999
13|3878|1110|8999
13|3885|1110|8999
13|3886|1110|8999
13|3887|1110|8999
13|3888|1110|8999
13|3989|1110|8999
13|3990|1110|8999
13|3991|1110|8999
13|3992|1110|8999
13|3993|1110|8999
13|3994|1110|8999
13|3995|1110|8999
13|3996|1110|8999
13|3997|1110|8999
13|3998|1110|8999
13|3999|1110|8999
13|4001|1110|8999
13|4002|1110|8999
13|4003|1110|8999
13|4004|1110|8999
13|4005|1110|8999
13|4006|1110|8999
13|4007|1110|8999
13|4008|1110|8999
13|4009|1110|8999
13|4010|1110|8999
13|4011|1110|8999
13|4012|1110|8999
13|4013|1110|8999
13|4014|1110|8999
13|4015|1110|8999
13|4201|1110|8999
13|4202|1110|8999
13|4203|1110|8999
13|4204|1110|8999
13|4205|1110|8999
13|4206|1110|8999
13|4207|1110|8999
13|4208|1110|8056
13|4210|1110|2025
13|4211|1110|8999
13|4212|1110|8999
13|4213|1110|8999
13|4214|1110|8999
13|4215|1110|8999
13|4216|1110|8999
13|4217|1110|8999
13|4218|1110|8999
13|4219|1110|8999
13|4220|1110|8999
13|4221|1110|8999
13|4222|1110|8999
13|4223|1110|8999
13|4224|1110|8999
13|4225|1110|8999
13|4226|1110|8999
13|4227|1110|8999
13|4228|1110|8999
13|4229|1110|8999
13|4230|1110|8999
13|4235|1110|8999
13|4300|1110|8999
13|4301|1110|8999
13|4302|1110|8999
13|4303|1110|8999
13|4304|1110|8999
13|4305|1110|8999
13|4306|1110|8999
13|4307|1110|8999
13|4308|1110|8999
13|4400|1110|8999
13|4401|1110|8999
13|4402|1110|8999
13|4403|1110|8999
13|4404|1110|8999
13|4405|1110|8999
13|4406|1110|8999
13|4407|1110|8999
13|4408|1110|8999
13|4409|1110|8999
13|4410|1110|8999
13|4411|1110|8999
13|4412|1110|8999
13|4413|1110|8999
13|4414|1110|8999
13|4415|1110|8999
13|4416|1110|8999
13|4417|1110|8999
13|4418|1110|8999
13|4419|1110|8999
13|4420|1110|8999
13|4421|1110|8999
13|4422|1110|8999
13|4423|1110|8999
13|4424|1110|8999
13|4425|1110|8999
13|4426|1110|8999
13|4450|1110|8999
13|4451|1110|8999
13|4452|1110|8999
13|4453|1110|8999
13|4454|1110|8999
13|4455|1110|8999
13|4456|1110|8999
13|4457|1110|8999
13|4458|1110|8999
13|4600|1110|8999
13|4601|1110|8999
13|4602|1110|8999
13|4603|1110|8999
13|4604|1110|8999
13|4605|1110|8999
13|4606|1110|8999
13|4607|1110|8999
13|4608|1110|8999
13|4609|1110|8999
13|4610|1110|8999
13|4611|1110|8999
13|4612|1110|8999
13|4613|1110|8999
13|4614|1110|8999
13|4615|1110|8999
13|4616|1110|8999
13|4617|1110|8999
13|4618|1110|8999
13|4619|1110|8999
13|4620|1110|8999
13|4621|1110|8999
13|4622|1110|8999
13|4623|1110|8999
13|4624|1110|8999
13|4625|1110|8999
13|4782|1110|8999
13|4783|1110|8999
13|4784|1110|8999
13|4785|1110|8999
13|4786|1110|8999
13|4787|1110|8999
13|4788|1110|8999
13|4791|1110|8999
13|4800|1110|8999
13|4801|1110|8999
13|4802|1110|8999
13|4803|1110|8999
13|4804|1110|8999
13|4805|1110|8999
13|4806|1110|8999
13|4807|1110|8999
13|4808|1110|8999
13|4809|1110|8999
13|4810|1110|8999
13|4811|1110|8999
13|4812|1110|8999
13|4813|1110|8999
13|4814|1110|8999
13|4815|1110|8999
13|4816|1110|8999
13|4817|1110|8999
13|4818|1110|8999
13|4819|1110|8999
13|4820|1110|8999
13|4821|1110|8999
13|4822|1110|8999
13|4823|1110|8999
13|4824|1110|8999
13|4825|1110|8999
13|4826|1110|8999
13|4827|1110|8999
13|4828|1110|8999
13|4829|1110|8999
13|4830|1110|8999
13|4831|1110|8999
13|4832|1110|8999
13|4833|1110|8999
13|4834|1110|8999
13|4835|1110|8999
13|4836|1110|8999
13|4837|1110|8038
13|4838|1110|8999
13|4839|1110|8999
13|4840|1110|8999
13|4841|1110|8999
13|4842|1110|8999
13|4843|1110|8999
13|4844|1110|8999
13|4845|1110|8999
13|4846|1110|8999
13|4847|1110|8999
13|4848|1110|8999
13|4849|1110|8999
13|4850|1110|8999
13|4851|1110|8999
13|4852|1110|8999
13|4853|1110|8999
13|4854|1110|8999
13|4855|1110|8999
13|4856|1110|8999
13|4857|1110|8999
13|4858|1110|8999
13|4859|1110|8999
13|4860|1110|8999
13|4861|1110|8999
13|4862|1110|8999
13|4863|1110|8999
13|4864|1110|8999
13|4865|1110|8999
13|4866|1110|8999
13|4867|1110|8999
13|4868|1110|8999
13|4869|1110|8999
13|4870|1110|8999
13|4871|1110|8999
13|4872|1110|8999
13|4873|1110|8999
13|4874|1110|8999
13|4875|1110|8999
13|4876|1110|8999
13|4877|1110|8999
13|4878|1110|8999
13|4879|1110|8999
13|4880|1110|8999
13|4881|1110|8999
13|4882|1110|8999
13|4883|1110|8999
13|4884|1110|8999
13|4885|1110|8999
13|4886|1110|8999
13|4887|1110|8999
13|4888|1110|8999
13|4889|1110|8999
13|4890|1110|8999
13|4891|1110|8999
13|4892|1110|8999
13|4893|1110|8999
13|4894|1110|8999
13|4895|1110|8999
13|4896|1110|8999
13|4897|1110|8999
13|4898|1110|8999
13|4899|1110|8999
13|4900|1110|8999
13|4901|1110|8999
13|4902|1110|8999
13|4903|1110|8999
13|4904|1110|8999
13|4905|1110|8999
13|4906|1110|8999
13|4907|1110|8999
13|4908|1110|8999
13|4909|1110|8999
13|4910|1110|8999
13|4912|1110|8999
13|4913|1110|8999
13|4914|1110|8999
13|4915|1110|8999
13|4916|1110|8999
13|4917|1110|8999
13|4918|1110|8999
13|4919|1110|8999
13|4920|1110|8999
13|4921|1110|8999
13|4922|1110|8999
13|4923|1110|8999
13|5002|1110|8999
13|5003|1110|8999
13|5004|1110|8999
13|5005|1110|8999
13|5010|1110|8999
13|5011|1110|8999
13|5012|1110|8999
13|5013|1110|8999
13|5016|1110|8999
13|5017|1110|8999
13|5021|1110|8999
13|5025|1110|8999
13|5026|1110|8999
13|5027|1110|8999
13|5028|1110|8999
13|5029|1110|8999
13|5031|1110|8999
13|5033|1110|8999
13|5041|1110|8999
13|5042|1110|8999
13|5044|1110|8999
13|5045|1110|8999
13|5051|1110|8999
13|5054|1110|8999
13|5057|1110|8999
13|5058|1110|8999
13|5061|1110|8999
13|5062|1110|8999
13|5063|1110|8999
13|5064|1110|8999
13|5065|1110|8999
13|5066|1110|8999
13|5067|1110|8999
13|5068|1110|8999
13|5069|1110|8999
13|5070|1110|8999
13|5071|1110|8999
13|5072|1110|8999
13|5073|1110|8999
13|5074|1110|8999
13|5075|1110|8999
13|5081|1110|8999
13|5082|1110|8999
13|5091|1110|8999
13|5093|1110|8999
13|5101|1110|8999
13|5121|1110|8999
13|5122|1110|8999
13|5123|1110|8999
13|5124|1110|8999
13|5125|1110|8999
13|5126|1110|8999
13|5131|1110|8999
13|5132|1110|8999
13|5201|1110|8999
13|5202|1110|8999
13|5203|1110|8999
13|5204|1110|8999
13|5205|1110|8999
13|5206|1110|8999
13|5207|1110|8999
13|5208|1110|8999
13|5447|1110|8999
13|5450|1110|8999
13|5451|1110|8999
13|5452|1110|8999
13|5462|1110|8999
13|5463|1110|8999
13|5465|1110|8999
13|5466|1110|8999
13|6263|1110|8999
13|6264|1110|8999
13|6265|1110|8999
13|6266|1110|8999
13|6267|1110|8999
13|6268|1110|8999
13|6301|1110|8999
13|6302|1110|8999
13|6930|1110|8999
13|6931|1110|8999
13|8888|1110|8999
13|9900|1110|8999
9999|10002|1110|8999
9999|10003|1110|8999
9999|10004|1110|8999
9999|10005|1110|8999
9999|10006|1110|8999
9999|10007|1110|8999
9999|10008|1110|8999
9999|10009|1110|8999
9999|10010|1110|8999
9999|10011|1110|8999
9999|10012|1110|8999
9999|10013|1110|8999
9999|19001|1110|0000
9999|19002|1110|0000
9999|20001|1110|8999
9999|20002|1110|8999
9999|20003|1110|8999
9999|20004|1110|8999
9999|20005|1110|8999
9999|20006|1110|8999
9999|20007|1110|8999
9999|20008|1110|913
9999|20009|1110|8999
9999|30001|1110|8999
9999|30002|1110|8999
9999|30003|1110|8999
9999|30004|1110|8999
9999|30005|1110|8999
9999|30006|1110|8999
9999|30007|1110|8999
9999|30008|1110|8062
9999|40001|1110|8999
9999|40002|1110|8999
9999|40003|1110|8999
9999|40004|1110|8999
9999|40005|1110|8999
9999|50001|1110|8999
9999|50002|1110|8999
9999|59001|1110|0000
9999|99999|1110|8999
